   360.00000000000000              126
    1  177.848524    0.011953    0.005976    0.011953
    2  173.549905    0.023881    0.017917    0.011929
    3  169.264244    0.035762    0.029822    0.011881
    4  165.000047    0.047571    0.041667    0.011809
    5  160.765626    0.059286    0.053429    0.011715
    6  156.569021    0.070886    0.065086    0.011599
    7  152.417936    0.082348    0.076617    0.011462
    8  148.319678    0.093654    0.088001    0.011306
    9  144.281099    0.104785    0.099219    0.011131
   10  140.308553    0.115723    0.110254    0.010939
   11  136.407854    0.126455    0.121089    0.010732
   12  132.584252    0.136966    0.131710    0.010511
   13  128.842410    0.147243    0.142104    0.010277
   14  125.186392    0.157277    0.152260    0.010034
   15  121.619661    0.167058    0.162168    0.009781
   16  118.145082    0.176580    0.171819    0.009522
   17  114.764937    0.185837    0.181209    0.009257
   18  111.480937    0.194825    0.190331    0.008988
   19  108.294254    0.203541    0.199183    0.008716
   20  105.205541    0.211984    0.207762    0.008443
   21  102.214968    0.220155    0.216070    0.008171
   22   99.322256    0.228055    0.224105    0.007900
   23   96.526713    0.235686    0.231870    0.007631
   24   93.827275    0.243052    0.239369    0.007366
   25   91.222539    0.250157    0.246604    0.007105
   26   88.710805    0.257006    0.253581    0.006849
   27   86.290114    0.263605    0.260305    0.006599
   28   83.958283    0.269960    0.266783    0.006355
   29   81.712938    0.276079    0.273020    0.006119
   30   79.551554    0.281968    0.279023    0.005889
   31   77.471476    0.287635    0.284801    0.005667
   32   75.469957    0.293088    0.290361    0.005453
   33   73.544180    0.298334    0.295711    0.005246
   34   71.691282    0.303381    0.300858    0.005048
   35   69.908377    0.308239    0.305810    0.004857
   36   68.192575    0.312914    0.310576    0.004675
   37   66.540999    0.317414    0.315164    0.004500
   38   64.950801    0.321748    0.319581    0.004334
   39   63.419173    0.325923    0.323836    0.004175
   40   61.943361    0.329947    0.327935    0.004024
   41   60.520673    0.333827    0.331887    0.003880
   42   59.148485    0.337570    0.335699    0.003743
   43   57.824250    0.341184    0.339377    0.003614
   44   56.545501    0.344674    0.342929    0.003491
   45   55.309857    0.348049    0.346362    0.003374
   46   54.115022    0.351312    0.349680    0.003264
   47   52.958792    0.354472    0.352892    0.003160
   48   51.839049    0.357533    0.356003    0.003061
   49   50.753769    0.360501    0.359017    0.002968
   50   49.701013    0.363382    0.361942    0.002880
   51   48.678935    0.366180    0.364781    0.002798
   52   47.685773    0.368899    0.367540    0.002720
   53   46.719851    0.371546    0.370223    0.002646
   54   45.779577    0.374123    0.372835    0.002577
   55   44.863439    0.376635    0.375379    0.002512
   56   43.970004    0.379087    0.377861    0.002451
   57   43.097914    0.381480    0.380284    0.002394
   58   42.245884    0.383820    0.382650    0.002340
   59   41.412700    0.386109    0.384965    0.002289
   60   40.597212    0.388351    0.387230    0.002241
   61   39.798339    0.390547    0.389449    0.002197
   62   39.015058    0.392702    0.391625    0.002155
   63   38.246404    0.394818    0.393760    0.002115
   64   37.491471    0.396896    0.395857    0.002079
   65   36.749403    0.398940    0.397918    0.002044
   66   36.019396    0.400952    0.399946    0.002012
   67   35.300693    0.402933    0.401943    0.001981
   68   34.592583    0.404886    0.403909    0.001953
   69   33.894396    0.406812    0.405849    0.001926
   70   33.205504    0.408713    0.407762    0.001901
   71   32.525317    0.410591    0.409652    0.001878
   72   31.853283    0.412447    0.411519    0.001856
   73   31.188879    0.414282    0.413364    0.001835
   74   30.531620    0.416098    0.415190    0.001816
   75   29.881047    0.417896    0.416997    0.001798
   76   29.236732    0.419678    0.418787    0.001781
   77   28.598272    0.421443    0.420560    0.001766
   78   27.965292    0.423194    0.422319    0.001751
   79   27.337437    0.424931    0.424063    0.001737
   80   26.714376    0.426656    0.425793    0.001724
   81   26.095801    0.428368    0.427512    0.001712
   82   25.481421    0.430069    0.429218    0.001701
   83   24.870964    0.431759    0.430914    0.001690
   84   24.264176    0.433440    0.432600    0.001681
   85   23.660819    0.435111    0.434276    0.001671
   86   23.060669    0.436774    0.435943    0.001663
   87   22.463519    0.438429    0.437601    0.001655
   88   21.869173    0.440076    0.439252    0.001647
   89   21.277448    0.441716    0.440896    0.001640
   90   20.688175    0.443350    0.442533    0.001634
   91   20.101192    0.444977    0.444163    0.001627
   92   19.516351    0.446599    0.445788    0.001622
   93   18.933512    0.448215    0.447407    0.001616
   94   18.352543    0.449826    0.449021    0.001611
   95   17.773324    0.451433    0.450630    0.001607
   96   17.195739    0.453035    0.452234    0.001602
   97   16.619681    0.454633    0.453834    0.001598
   98   16.045051    0.456228    0.455430    0.001594
   99   15.471755    0.457818    0.457023    0.001591
  100   14.899706    0.459406    0.458612    0.001587
  101   14.328823    0.460990    0.460198    0.001584
  102   13.759028    0.462571    0.461780    0.001581
  103   13.190250    0.464150    0.463360    0.001579
  104   12.622424    0.465726    0.464938    0.001576
  105   12.055485    0.467299    0.466513    0.001574
  106   11.489377    0.468871    0.468085    0.001571
  107   10.924045    0.470440    0.469655    0.001569
  108   10.359437    0.472007    0.471224    0.001567
  109    9.795507    0.473573    0.472790    0.001566
  110    9.232210    0.475137    0.474355    0.001564
  111    8.669503    0.476699    0.475918    0.001562
  112    8.107350    0.478260    0.477480    0.001561
  113    7.545712    0.479819    0.479040    0.001559
  114    6.984557    0.481378    0.480598    0.001558
  115    6.423852    0.482934    0.482156    0.001557
  116    5.863569    0.484490    0.483712    0.001556
  117    5.303678    0.486045    0.485268    0.001555
  118    4.744156    0.487599    0.486822    0.001554
  119    4.184976    0.489151    0.488375    0.001553
  120    3.626118    0.490703    0.489927    0.001552
  121    3.067559    0.492255    0.491479    0.001551
  122    2.509280    0.493805    0.493030    0.001550
  123    1.951263    0.495355    0.494580    0.001550
  124    1.393490    0.496904    0.496129    0.001549
  125    0.835945    0.498452    0.497678    0.001548
  126    0.278614    0.500000    0.499226    0.001548
